m-ailabs_train_duration: 222.02944444444444 hours
m-ailabs_test_duration: 11.678333333333333 hours